name,Population,Cluster1,Cluster2,Cluster3,Cluster4,Cluster5
Ind1,Mandenka,0.0585453571428571,1e-05,1e-05,0.9414246428571428,1e-05
Ind2,Mandenka,0.0844863571428571,1e-05,1e-05,0.9154836428571426,1e-05
Ind3,Mandenka,0.0603326428571428,1e-05,1e-05,0.939637357142857,1e-05
Ind4,Mandenka,0.0554711428571428,1e-05,1e-05,0.944498857142857,1e-05
Ind5,Mandenka,1e-05,1e-05,1e-05,0.9999599999999998,1e-05
Ind6,Mandenka,0.0564642857142856,1e-05,1e-05,0.943505714285714,1e-05
Ind7,Mandenka,0.3618453571428571,1e-05,1e-05,0.6381246428571429,1e-05
Ind8,Mandenka,0.1331694285714286,1e-05,1.0071428571428572e-05,0.8668004999999999,1e-05
Ind9,Mandenka,0.079447,1e-05,1e-05,0.920523,1e-05
Ind10,Mandenka,0.0558075714285713,1e-05,1e-05,0.9441624285714284,1e-05
Ind11,Mandenka,1e-05,1e-05,1e-05,0.9999599999999998,1e-05
Ind12,Mandenka,0.0537356428571428,1e-05,1e-05,0.9462343571428568,1e-05
Ind13,Mandenka,0.1642016428571428,1e-05,1e-05,0.8357683571428569,1e-05
Ind14,Mandenka,0.4997025714285714,0.0117670714285714,1e-05,0.472669,0.0158514285714285
Ind15,Mandenka,0.0584376428571428,1e-05,1e-05,0.941532357142857,1e-05
Ind16,Mandenka,0.0606690714285714,1e-05,1e-05,0.9393009285714284,1e-05
Ind17,Mandenka,0.0594434999999999,1.05e-05,1e-05,0.940526,1e-05
Ind18,Mandenka,0.0936578571428571,1.0071428571428572e-05,1e-05,0.9063120714285712,1e-05
Ind19,Mandenka,0.0607078571428571,1e-05,1e-05,0.9392621428571428,1e-05
Ind20,Mandenka,0.4743631428571428,1e-05,1e-05,0.5256068571428572,1e-05
Ind21,Mandenka,1e-05,1e-05,1e-05,0.9999599999999998,1e-05
Ind22,Mandenka,0.5134145714285714,1e-05,1e-05,0.4865554285714286,1e-05
Ind23,Gambian,0.9983055,1e-05,1e-05,0.0016644999999999,1e-05
Ind24,Gambian,0.9751830714285712,0.0247869285714285,1e-05,1e-05,1e-05
Ind25,Gambian,0.7342227142857143,1e-05,1e-05,0.2657472857142857,1e-05
Ind26,Gambian,0.8139958571428573,1e-05,1e-05,0.1859741428571428,1e-05
Ind27,Gambian,0.7678680714285712,0.0210153571428571,0.0018812142857142,0.2053632857142857,0.0038722142857142
Ind28,Gambian,0.7629564999999998,1e-05,1e-05,0.2370135,1e-05
Ind29,Gambian,0.7595334285714285,0.0004222857142857,1e-05,0.2400242857142857,1e-05
Ind30,Gambian,0.6399695000000001,1e-05,1e-05,0.3600005,1e-05
Ind31,Gambian,0.7329837857142855,1e-05,1e-05,0.2669862142857143,1e-05
Ind32,Gambian,0.7300785714285712,1e-05,0.0014178571428571,0.2674325714285714,0.0010610714285714
Ind33,Gambian,0.6574087857142857,0.0231617142857142,1e-05,0.3194094999999999,1e-05
Ind34,Gambian,0.7852226428571427,1.0357142857142856e-05,1e-05,0.214747,1e-05
Ind35,Gambian,0.9116181428571428,1e-05,1e-05,0.0883518571428571,1e-05
Ind36,Gambian,0.9999599999999998,1e-05,1e-05,1e-05,1e-05
Ind37,Gambian,0.8095188571428573,1e-05,9.80714285714286e-05,0.1903630714285714,1e-05
Ind38,Gambian,0.7494582857142856,1e-05,1e-05,0.2502944285714286,0.0002272857142857
Ind39,Gambian,0.6951827142857143,1.042857142857143e-05,1e-05,0.3047868571428571,1e-05
Ind40,Gambian,0.8901279285714285,1e-05,1e-05,0.1087217142857142,0.0011304285714285
Ind41,Gambian,0.8800652857142854,1e-05,1e-05,0.1199047142857142,1e-05
Ind42,Gambian,0.9999599999999998,1e-05,1e-05,1e-05,1e-05
Ind43,Gambian,0.7857202857142856,0.0076543571428571,1e-05,0.1957980714285714,0.0108171428571428
Ind44,Gambian,0.7161845,0.0497027857142857,1.0714285714285716e-05,0.2340919285714285,1e-05
Ind45,Gambian,0.6951563571428571,1e-05,0.0001014285714285,0.3047220714285714,1e-05
Ind46,Gambian,0.7999778571428573,1.0571428571428572e-05,1e-05,0.1999915714285714,1e-05
Ind47,Gambian,0.8910749285714284,1e-05,1e-05,0.1088950714285714,1e-05
Ind48,Gambian,0.7280799999999998,1e-05,1e-05,0.2718897857142857,1.0285714285714286e-05
Ind49,Gambian,0.8155374285714286,1e-05,1.0142857142857144e-05,0.1844324285714285,1e-05
Ind50,Gambian,0.6487742857142857,0.0131602857142857,1e-05,0.3355674285714286,0.0024877857142857
Ind51,Gambian,0.6889250714285715,1e-05,1e-05,0.3110449285714285,1e-05
Ind52,Gambian,0.769065357142857,0.0062774285714285,1e-05,0.2246373571428571,1e-05
Ind53,Gambian,0.9999599999999998,1e-05,1e-05,1e-05,1e-05
Ind54,Gambian,0.8674277142857142,1e-05,1e-05,0.1325422142857142,1.0071428571428572e-05
Ind55,Gambian,0.9893374285714284,0.0087596428571428,0.0011731428571428,0.0007198571428571,1e-05
Ind56,Gambian,0.8110855,1e-05,1e-05,0.1888845,1e-05
Ind57,Gambian,0.6227095714285715,0.0172582857142857,1e-05,0.3600116428571428,1.057142857142857e-05
Ind58,Gambian,0.9099435714285714,0.0002669285714285,1e-05,0.0896710714285714,0.0001084285714285
Ind59,Gambian,0.7584893571428571,1e-05,1e-05,0.2414806428571428,1e-05
Ind60,Gambian,0.719034,0.0119134999999999,0.0017188571428571,0.2564657142857143,0.0108680714285714
Ind61,Gambian,0.9999599999999998,1e-05,1e-05,1e-05,1e-05
Ind62,Gambian,0.7732468571428571,1e-05,1e-05,0.2267231428571428,1e-05
Ind63,Gambian,0.7809097857142857,1e-05,1e-05,0.2190602142857142,1e-05
Ind64,Gambian,0.7064817857142857,1.0357142857142856e-05,0.0008126428571428,0.2806958571428572,0.0119993571428571
Ind65,Gambian,0.5469372142857144,1e-05,1e-05,0.4530327857142857,1e-05
Ind66,Gambian,0.7605421428571427,1e-05,1e-05,0.2394278571428572,1e-05
Ind67,Gambian,0.8438106428571427,1.042857142857143e-05,1e-05,0.1561589285714285,1e-05
Ind68,Gambian,0.7421350714285715,1e-05,1e-05,0.2578349285714285,1e-05
Ind69,Gambian,0.760310857142857,1e-05,0.0009425714285714,0.2345298571428572,0.0042067857142857
Ind70,Gambian,0.7984869999999998,1e-05,1e-05,0.2014829999999999,1e-05
Ind71,Gambian,0.7115317857142857,1e-05,1e-05,0.2884382142857142,1e-05
Ind72,Gambian,0.7233502857142856,0.0046412142857142,1e-05,0.2696182857142857,0.0023799285714285
Ind73,Gambian,0.814066642857143,1e-05,1e-05,0.1859033571428571,1e-05
Ind74,Gambian,0.7590137142857144,1e-05,1e-05,0.2409561428571428,1.0142857142857144e-05
Ind75,Gambian,0.6872685714285715,1.0071428571428572e-05,1e-05,0.3127007142857142,1.064285714285714e-05
Ind76,Gambian,0.7202377857142858,0.0019947142857142,0.0010202857142857,0.2746516428571429,0.0020956428571428
Ind77,Gambian,0.781678,1e-05,1e-05,0.218292,1e-05
Ind78,Gambian,0.6678002857142857,1e-05,1e-05,0.3321697142857143,1e-05
Ind79,Gambian,0.7228367857142856,0.0062199999999999,0.0006171428571428,0.2682505,0.0020757142857142
Ind80,Gambian,0.7723496428571429,1e-05,1e-05,0.2274234285714285,0.0002069285714285
Ind81,Gambian,0.6058493571428573,0.0312145,1e-05,0.3180764285714285,0.0448497142857142
Ind82,Gambian,0.8067574999999998,1e-05,1e-05,0.1932125,1e-05
Ind83,Gambian,0.9909985,1e-05,1e-05,0.0089715,1e-05
Ind84,Gambian,0.6403414285714286,1e-05,1e-05,0.3596285714285714,1e-05
Ind85,Gambian,0.8194689285714286,1e-05,1e-05,0.1805010714285714,1e-05
Ind86,Gambian,0.7382337857142858,0.0006113571428571,0.0003173571428571,0.2563899285714285,0.0044477142857142
Ind87,Gambian,0.8566837142857142,1e-05,1e-05,0.1432862857142857,1e-05
Ind88,Gambian,0.8481094999999998,1e-05,1e-05,0.1518604285714286,1.0071428571428572e-05
Ind89,Gambian,0.7333322142857143,0.0004709999999999,0.0027527142857142,0.2631787142857142,0.0002653571428571
Ind90,Gambian,0.646688,1e-05,0.000239,0.3528063571428572,0.0002566428571428
Ind91,Gambian,0.7954769285714285,1e-05,1e-05,0.2044930714285713,1e-05
Ind92,Gambian,0.7858668571428573,0.0121661428571428,1e-05,0.2009026428571428,0.0010544285714285
Ind93,Gambian,0.6123512857142857,1e-05,0.0007956428571428,0.3848475,0.0019957142857142
Ind94,Gambian,0.9997514285714284,1e-05,1e-05,0.0002185714285714,1e-05
Ind95,Gambian,0.6402357857142856,1e-05,1e-05,0.3597342142857143,1e-05
Ind96,Gambian,0.9999599999999998,1e-05,1e-05,1e-05,1e-05
Ind97,Gambian,0.8438024285714285,6.435714285714286e-05,0.0002897142857142,0.1533695714285714,0.0024737857142857
Ind98,Gambian,0.8610879285714285,1e-05,1e-05,0.1388820714285714,1e-05
Ind99,Gambian,0.6770217142857143,1e-05,1e-05,0.3229482857142857,1e-05
Ind100,Gambian,0.9998262857142856,1e-05,1e-05,0.0001437142857142,1e-05
Ind101,Gambian,0.7350057857142858,1.0642857142857145e-05,1e-05,0.2649635714285714,1e-05
Ind102,Gambian,0.7026841428571429,1e-05,1e-05,0.2972858571428571,1e-05
Ind103,Gambian,0.8572219285714284,1e-05,1e-05,0.1426504999999999,0.0001075
Ind104,Gambian,0.7444811428571427,1.0285714285714286e-05,1.05e-05,0.2547432142857143,0.0007549999999999
Ind105,Gambian,0.817816857142857,0.0034002857142857,1e-05,0.1787628571428571,1e-05
Ind106,Gambian,0.904017214285714,1e-05,1e-05,0.0959527857142857,1e-05
Ind107,Gambian,0.8259559285714285,9.3e-05,4.078571428571431e-05,0.1732572142857143,0.0006529285714285
Ind108,Gambian,0.711361,1.0071428571428572e-05,1e-05,0.2886089285714285,1e-05
Ind109,Gambian,0.7204592142857144,0.0010145714285714,0.0001085714285714,0.2784076428571428,1e-05
Ind110,Gambian,0.9986251428571428,1e-05,1e-05,0.0013448571428571,1e-05
Ind111,Gambian,0.9999599999999998,1e-05,1e-05,1e-05,1e-05
Ind112,Gambian,0.8205329999999998,1e-05,1e-05,0.179437,1e-05
Ind113,Gambian,0.6989918571428572,1.0285714285714286e-05,1e-05,0.3009779285714286,1e-05
Ind114,Gambian,0.7740735714285714,1e-05,1.0357142857142856e-05,0.2258959999999999,1e-05
Ind115,Gambian,0.7562644285714286,1e-05,1e-05,0.2437055714285714,1e-05
Ind116,Gambian,0.9163456428571428,1e-05,1e-05,0.0836243571428571,1e-05
Ind117,Gambian,0.7893748571428569,1e-05,1e-05,0.2105951428571428,1e-05
Ind118,Gambian,0.7890926428571428,1.0071428571428572e-05,1e-05,0.2108772857142857,1e-05
Ind119,Gambian,0.642925142857143,1e-05,1e-05,0.3570448571428572,1e-05
Ind120,Gambian,0.6736297142857144,0.0045121428571428,1e-05,0.3218381428571428,1e-05
Ind121,Gambian,0.6876074285714284,1e-05,1e-05,0.3123625714285714,1e-05
Ind122,Gambian,0.8771299285714285,1e-05,1e-05,0.1228400714285714,1e-05
Ind123,Gambian,0.8007476428571428,1e-05,1e-05,0.1992222857142856,1.0071428571428572e-05
Ind124,Gambian,0.7991220714285715,1e-05,1e-05,0.2008479285714285,1e-05
Ind125,Gambian,0.7542784285714285,1e-05,1.0214285714285715e-05,0.2456913571428572,1e-05
Ind126,Gambian,0.963404642857143,1e-05,0.0067750714285714,0.0294651428571428,0.0003449999999999
Ind127,Gambian,0.9998529285714284,1e-05,0.0001163571428571,1.0714285714285716e-05,1e-05
Ind128,Gambian,0.874248642857143,1e-05,1e-05,0.1257213571428571,1e-05
Ind129,Gambian,0.9991642142857142,0.0008057857142857,1e-05,1e-05,1e-05
Ind130,Gambian,0.798266,1e-05,1.0285714285714286e-05,0.2017037142857143,1e-05
Ind131,Gambian,0.7669178571428573,0.0054772142857142,1e-05,0.2039703571428571,0.0236246428571428
Ind132,Cape Verdean,0.3594639285714285,0.3327112857142856,0.0962450714285714,0.1501524285714285,0.0614272857142857
Ind133,Cape Verdean,0.3671911428571429,0.3377571428571428,0.0153329285714285,0.1605350714285714,0.1191837857142857
Ind134,Cape Verdean,0.5567137142857144,0.1910692857142857,0.1601977857142857,0.0552117142857142,0.0368076428571428
Ind135,Cape Verdean,0.6286244285714285,0.1397755,0.043312,0.1295079285714286,0.0587799285714285
Ind136,Cape Verdean,0.7191076428571428,0.1594104285714286,0.0032982142857142,0.0488780714285714,0.0693058571428571
Ind137,Cape Verdean,0.6151587857142857,0.1584329285714285,0.0414419285714285,0.1428734285714285,0.0420927857142857
Ind138,Cape Verdean,0.1642459285714285,0.4514197857142857,0.1810020714285714,0.0355667857142857,0.1677655
Ind139,Cape Verdean,0.3421395,0.3410108571428572,0.1578195714285714,0.1247799285714285,0.0342497857142857
Ind140,Cape Verdean,0.2048933571428572,0.3528032142857143,0.2573873571428571,0.1459857857142857,0.0389304285714285
Ind141,Cape Verdean,0.557967,0.1175199285714285,0.1368971428571428,0.1624724285714285,0.0251434285714285
Ind142,Cape Verdean,0.6391922857142857,0.1371771428571428,0.0221681428571428,0.1612474999999999,0.0402149285714285
Ind143,Cape Verdean,0.097402,0.4819407857142858,0.1834051428571428,0.0028523571428571,0.2343999285714284
Ind144,Cape Verdean,0.1930052142857143,0.5339809285714284,0.1039294285714285,0.1102058571428571,0.0588785
Ind145,Cape Verdean,0.1224008571428571,0.3803182857142856,0.3232700714285714,0.0981002142857142,0.0759106428571428
Ind146,Cape Verdean,0.1443700714285714,0.5670081428571428,0.124814,0.0563692142857142,0.1074383571428571
Ind147,Cape Verdean,0.6503520714285713,0.1337302142857142,0.0510717142857142,0.0940933571428571,0.0707527142857143
Ind148,Cape Verdean,0.5780490714285713,0.1556344285714285,0.014481,0.1957118571428571,0.0561239285714285
Ind149,Cape Verdean,0.5519657142857144,0.1915580714285714,0.1434304285714285,0.0952291428571428,0.0178168571428571
Ind150,Cape Verdean,0.5209439285714286,0.2477532857142856,0.0243488571428571,0.2049442857142857,0.0020095
Ind151,Cape Verdean,0.5961942857142857,0.1853891428571428,0.0341707142857142,0.1830103571428572,0.0012353571428571
Ind152,Cape Verdean,0.6321022857142857,0.1600438571428571,0.0179685,0.1734135,0.0164719285714285
Ind153,Cape Verdean,0.5859635000000001,0.0944239285714285,0.003142,0.3011591428571428,0.0153118571428571
Ind154,Cape Verdean,0.635972857142857,0.1645188571428571,0.1437874999999999,1e-05,0.0557102857142857
Ind155,Cape Verdean,0.6028435714285714,0.2139347142857142,0.0370061428571428,0.0974297857142857,0.0487857857142857
Ind156,Cape Verdean,0.6155200000000001,0.2894727142857142,0.0569692857142857,0.0271997142857142,0.0108383571428571
Ind157,Cape Verdean,0.4955588571428571,0.0312894285714285,0.1613113571428571,0.2368497857142857,0.0749907142857142
Ind158,Cape Verdean,0.6731255714285713,0.0987975714285713,0.0211648571428571,0.1572829285714285,0.0496292142857142
Ind159,Cape Verdean,0.536856,0.1618564285714285,0.0446132857142857,0.2286227142857143,0.0280517857142857
Ind160,Cape Verdean,0.6315112857142857,0.158956,0.0108326428571428,0.1831562142857142,0.0155439285714285
Ind161,Cape Verdean,0.602783,0.0841977857142857,0.0941353571428571,0.1952163571428571,0.0236672857142857
Ind162,Cape Verdean,0.5250464285714285,0.2030292857142857,0.0855935714285714,0.1562299285714285,0.0301009285714285
Ind163,Cape Verdean,0.6669217857142857,0.0823288571428571,0.0401358571428571,0.1620723571428571,0.0485411428571428
Ind164,Cape Verdean,0.648847,0.0476206428571428,0.1471880714285714,0.1563342857142857,1e-05
Ind165,Cape Verdean,0.6042645714285714,0.0435082142857142,0.0901927142857142,0.1774573571428571,0.0845771428571428
Ind166,Cape Verdean,0.5652608571428572,0.1270885,0.0241122142857142,0.2217238571428572,0.0618149285714285
Ind167,Cape Verdean,0.5778408571428572,0.1638753571428571,0.0894879285714285,0.1659297857142857,0.0028661428571428
Ind168,Cape Verdean,0.5382993571428571,0.1771067857142857,0.0125238571428571,0.2573428571428571,0.0147272142857142
Ind169,Cape Verdean,0.6935847142857143,0.1033203571428571,0.0762148571428571,0.1077557142857143,0.0191243571428571
Ind170,Cape Verdean,0.6008048571428571,0.2107995714285713,0.0007959285714285,0.1793609285714286,0.0082387142857142
Ind171,Cape Verdean,0.6852809285714284,0.1171816428571428,0.0737255714285714,0.1088433571428571,0.0149680714285714
Ind172,Cape Verdean,0.480405,0.4185555714285714,0.023968,0.062657,0.0144144285714285
Ind173,Cape Verdean,0.6060930714285714,0.1770297857142857,0.0200004285714285,0.1257299999999999,0.0711467142857142
Ind174,Cape Verdean,0.621144357142857,0.0814977142857142,0.0072606428571428,0.2049624285714285,0.085135
Ind175,Cape Verdean,0.6625124285714287,1e-05,0.0246793571428571,0.2542151428571428,0.0585830714285714
Ind176,Iberian,1.0285714285714286e-05,0.7474084285714285,0.1306233571428571,1e-05,0.1219477857142856
Ind177,Iberian,0.0016209999999999,0.7097693571428569,0.1178007142857142,1e-05,0.1707990714285714
Ind178,Iberian,1e-05,0.7798241428571427,0.0270415,1e-05,0.1931143571428571
Ind179,Iberian,1e-05,0.8577164285714283,0.0412414285714285,1e-05,0.1010222142857142
Ind180,Iberian,1e-05,0.7783578571428571,0.0309052142857142,1e-05,0.190717
Ind181,Iberian,1e-05,0.7511537142857142,0.0687645714285714,1e-05,0.1800617142857143
Ind182,Iberian,1e-05,0.7647992857142859,0.1573088571428571,1e-05,0.0778719999999999
Ind183,Iberian,1e-05,0.7085250714285715,0.2365441428571428,1e-05,0.0549108571428571
Ind184,Iberian,1e-05,0.7170650714285716,0.0994047857142857,1e-05,0.1835101428571428
Ind185,Iberian,1e-05,0.6143586428571428,0.3064865,1e-05,0.0791347857142857
Ind186,Iberian,1e-05,0.9339292142857144,0.0632810714285714,1e-05,0.0027697142857142
Ind187,Iberian,1e-05,0.8167219285714284,0.0163627857142857,1e-05,0.1668952142857142
Ind188,Iberian,1e-05,0.7529215714285714,0.147888,1e-05,0.0991704285714285
Ind189,Iberian,1e-05,0.7559577857142857,0.2266408571428571,1e-05,0.0173813571428571
Ind190,Iberian,1.0142857142857144e-05,0.8534762142857142,0.0956102142857142,1e-05,0.0508934285714285
Ind191,Iberian,1.0071428571428572e-05,0.8222631428571427,0.0128219285714285,1e-05,0.1648949285714285
Ind192,Iberian,1e-05,0.7579117142857142,0.0851587142857142,1e-05,0.1569096428571428
Ind193,Iberian,1e-05,0.7420766428571429,0.1809807142857142,1e-05,0.0769225
Ind194,Iberian,1e-05,0.6455185,0.2522416428571428,0.0230051428571428,0.0792245
Ind195,Iberian,1e-05,0.6955806428571428,0.1678627857142857,1e-05,0.1365364999999999
Ind196,Iberian,1e-05,0.7936093571428573,0.0314739285714285,1e-05,0.1748967857142857
Ind197,Iberian,1e-05,0.758932857142857,0.2160589285714285,1e-05,0.0249882857142857
Ind198,Iberian,1e-05,0.6708379999999999,0.1525582857142857,1e-05,0.1765836428571428
Ind199,Iberian,1e-05,0.6220748571428569,0.3222949285714285,1e-05,0.0556102142857142
Ind200,Iberian,1e-05,0.7668692142857144,0.0433607857142857,1e-05,0.1897499285714285
Ind201,Iberian,1e-05,0.7408099285714285,0.1663977142857143,1e-05,0.0927722857142857
Ind202,Iberian,1e-05,0.7190942857142858,0.1527735,1e-05,0.1281121428571428
Ind203,Iberian,1e-05,0.6531326428571428,0.1843065714285714,1e-05,0.1625408571428571
Ind204,Iberian,1e-05,0.7699212142857143,0.0751028571428571,1e-05,0.154956
Ind205,Iberian,1e-05,0.660774,0.3080290714285713,1e-05,0.0311769285714285
Ind206,Iberian,1e-05,0.788158,0.0345172142857142,1e-05,0.1773048571428571
Ind207,Iberian,0.0057960714285714,0.7022895714285714,0.2489861428571428,1e-05,0.0429181428571428
Ind208,Iberian,1e-05,0.7112842142857143,0.2716925714285714,1e-05,0.0170032142857142
Ind209,Iberian,1e-05,0.6951847142857143,0.0968947857142857,1e-05,0.2079004285714285
Ind210,Iberian,1e-05,0.8061849285714284,0.060035,1e-05,0.1337602142857143
Ind211,Iberian,1e-05,0.6816712857142857,0.2317878571428571,1e-05,0.0865207857142857
Ind212,Iberian,1e-05,0.8075702142857144,0.1380332857142857,1e-05,0.0543763571428571
Ind213,Iberian,1e-05,0.806316,0.1714608571428571,1e-05,0.0222030714285714
Ind214,Iberian,1e-05,0.8081422857142855,0.0998526428571428,1e-05,0.0919850714285714
Ind215,Iberian,1e-05,0.7915902857142859,0.0295388571428571,1e-05,0.1788508571428571
Ind216,Iberian,1e-05,0.6271774285714284,0.2901955,1e-05,0.0826071428571428
Ind217,Iberian,1e-05,0.6413507142857143,0.3095052857142857,1.035714285714286e-05,0.0491236428571428
Ind218,Iberian,0.0385993571428571,0.8360645714285714,0.0062217142857142,1e-05,0.1191044285714285
Ind219,Iberian,0.0236415,0.8343707857142855,0.0065649999999999,0.0037666428571428,0.1316560714285714
Ind220,Iberian,1.05e-05,0.612015857142857,0.1526695714285714,1e-05,0.2352939285714285
Ind221,Iberian,1e-05,0.7765302857142856,0.0724139999999999,1e-05,0.1510356428571428
Ind222,Iberian,0.0113739285714285,0.6536436428571427,0.2020233571428572,1e-05,0.1329492857142857
Ind223,Iberian,0.0169449285714285,0.7927035714285715,0.1358339285714285,0.0116088571428571,0.0429088571428571
Ind224,Iberian,1e-05,0.6294273571428572,0.3151205,1e-05,0.0554321428571428
Ind225,Iberian,1e-05,0.6112287857142855,0.2599422142857143,1e-05,0.1288090714285714
Ind226,Iberian,1e-05,0.7339089285714285,0.1340877857142857,1e-05,0.1319831428571428
Ind227,Iberian,1e-05,0.7514641428571427,0.0229990714285714,1e-05,0.2255167857142856
Ind228,Iberian,1e-05,0.784308,0.1953094285714285,1e-05,0.0203625
Ind229,Iberian,1e-05,0.7696915714285714,0.205144,1e-05,0.0251445714285714
Ind230,Iberian,1e-05,0.7199610714285712,0.2761958571428571,1e-05,0.0038230714285714
Ind231,Iberian,1e-05,0.7088409285714284,0.2538307142857143,1e-05,0.0373083571428571
Ind232,Iberian,1e-05,0.7772529999999999,0.1257617857142857,1e-05,0.0969651428571428
Ind233,Iberian,1e-05,0.6935665000000002,0.2268367142857143,1e-05,0.0795768571428571
Ind234,Iberian,0.0034088571428571,0.6910821428571428,0.3005626428571428,0.0008237857142857,0.0041225714285714
Ind235,Iberian,1e-05,0.6494447857142858,0.1515282142857143,1e-05,0.1990069285714285
Ind236,Iberian,0.0228849285714285,0.7872328571428573,0.1377726428571428,1e-05,0.0520997142857142
Ind237,Iberian,0.0236419285714285,0.8206357857142857,0.1319746428571428,1e-05,0.0237378571428571
Ind238,Iberian,1e-05,0.7694332142857144,0.1405074285714285,0.0086885,0.0813607857142857
Ind239,Iberian,1e-05,0.8592281428571428,0.0759422142857143,0.0012516428571428,0.0635681428571428
Ind240,Iberian,1e-05,0.8813630714285715,0.0147210714285714,1e-05,0.1038958571428571
Ind241,Iberian,1e-05,0.9505452142857144,0.0407047142857142,1e-05,0.0087300714285714
Ind242,Iberian,1e-05,0.6448579285714284,0.2116831428571428,1.0428571428571428e-05,0.1434384285714285
Ind243,Iberian,1e-05,0.7161953571428571,0.2585261428571428,0.0051765,0.0200920714285714
Ind244,Iberian,1e-05,0.7405020714285715,0.0879143571428571,1e-05,0.1715635714285714
Ind245,Iberian,1e-05,0.7215677857142858,0.0669335714285714,1e-05,0.2114785714285714
Ind246,Iberian,0.0007915714285714,0.7230552857142855,0.07379,1e-05,0.2023531428571428
Ind247,Iberian,1e-05,0.8320242142857143,0.0906284285714285,1e-05,0.0773272857142857
Ind248,Iberian,1e-05,0.7673897142857142,0.1607905,1e-05,0.0717998571428571
Ind249,Iberian,1e-05,0.7518579999999998,0.1486787142857142,1e-05,0.0994432142857142
Ind250,Iberian,1e-05,0.8080967857142858,0.1479488571428571,1e-05,0.0439344285714285
Ind251,Iberian,0.0020302857142857,0.7685389999999999,0.1306864999999999,1e-05,0.0987342857142856
Ind252,Iberian,1.0071428571428572e-05,0.7499800000000002,0.2322725,1e-05,0.0177274285714285
Ind253,Iberian,1e-05,0.7632370714285713,0.027615,1e-05,0.209128
Ind254,Iberian,1e-05,0.7132662142857142,0.2101688571428571,1e-05,0.0765448571428571
Ind255,Iberian,1e-05,0.8294414285714284,0.0253505714285714,1e-05,0.145188
Ind256,Iberian,1e-05,0.8593301428571429,0.0655929285714285,1e-05,0.0750569285714285
Ind257,Iberian,1e-05,0.7913349285714285,0.1739818571428571,1e-05,0.0346631428571428
Ind258,Iberian,1e-05,0.740701857142857,0.0876836428571428,1e-05,0.1715944285714285
Ind259,Iberian,1e-05,0.6499381428571428,0.2721015,1e-05,0.0779402857142857
Ind260,Iberian,1.05e-05,0.7323279999999999,0.111563,1e-05,0.1560885
Ind261,Iberian,1e-05,0.7501609285714285,0.0550534999999999,1e-05,0.1947655
Ind262,Iberian,1e-05,0.7461467142857144,0.1091741428571428,1e-05,0.1446592142857142
Ind263,Iberian,1.0285714285714286e-05,0.6899239285714286,0.1548205,1e-05,0.1552352857142857
Ind264,Iberian,1e-05,0.6827487857142858,0.2922018571428571,1e-05,0.0250294285714285
Ind265,Iberian,1e-05,0.8100271428571427,0.0591710714285714,1e-05,0.1307819285714285
Ind266,Iberian,1e-05,0.7284817857142859,0.0727614999999999,1e-05,0.1987366428571428
Ind267,Iberian,1e-05,0.6722252857142857,0.2722946428571428,1e-05,0.0554601428571428
Ind268,Iberian,1e-05,0.5595237857142856,0.3716362857142857,1e-05,0.0688202142857142
Ind269,Iberian,1.0285714285714286e-05,0.5595379285714286,0.3153955714285714,1e-05,0.1250462142857142
Ind270,Iberian,1e-05,0.5847994999999999,0.2913008571428572,1e-05,0.1238796428571428
Ind271,Iberian,1.0357142857142856e-05,0.6226747857142857,0.2248646428571428,1e-05,0.1524401428571428
Ind272,Iberian,1e-05,0.7117044285714286,0.2631005,1e-05,0.0251749285714285
Ind273,Iberian,1.0285714285714286e-05,0.6728407857142856,0.2263773571428571,1e-05,0.1007614285714285
Ind274,Iberian,1e-05,0.5616292857142856,0.2573771428571428,1e-05,0.1809735714285714
Ind275,Iberian,1e-05,0.5701665714285714,0.2681454285714285,1e-05,0.1616679285714286
Ind276,Iberian,1e-05,0.5865527142857143,0.1867681428571428,1e-05,0.226659
Ind277,Iberian,1e-05,0.9023615714285712,0.0439920714285714,1e-05,0.0536263571428571
Ind278,Iberian,1e-05,0.8614015714285715,0.0124035714285714,1e-05,0.1261748571428571
Ind279,Iberian,1.0142857142857144e-05,0.7537942857142858,0.0291360714285714,1e-05,0.2170495714285713
Ind280,Iberian,1.0285714285714286e-05,0.6773489285714286,0.1843871428571429,1e-05,0.1382433571428571
Ind281,Iberian,1e-05,0.8422727142857143,0.0113694285714285,1e-05,0.1463378571428571
Ind282,Iberian,0.0005371428571428,0.7429126428571428,0.1572077142857142,0.0070232142857142,0.0923192142857142
Ind283,French,1e-05,0.1737622142857142,0.6544855714285713,1e-05,0.1717323571428571
Ind284,French,1e-05,0.4019023571428571,0.4540912857142856,1e-05,0.1439865714285714
Ind285,French,1e-05,0.4189920000000001,0.3737609285714285,1e-05,0.2072269285714285
Ind286,French,1e-05,0.1753639285714285,0.6271424285714288,1e-05,0.1974737142857143
Ind287,French,1e-05,0.2667956428571428,0.3800993571428571,1e-05,0.3530850714285714
Ind288,French,1e-05,0.4252495,0.4819812857142856,1e-05,0.0927491428571428
Ind289,French,1.057142857142857e-05,0.3706288571428571,0.4904696428571429,1e-05,0.1388808571428571
Ind290,French,1.05e-05,0.2918134285714285,0.3493707142857142,1e-05,0.3587952857142857
Ind291,French,1e-05,0.0851294285714285,0.7936111428571427,1e-05,0.1212393571428571
Ind292,French,1e-05,0.5680827857142856,0.2620013571428572,1e-05,0.1698957857142857
Ind293,French,1e-05,0.4295127857142857,0.5441810714285715,1e-05,0.0262862142857142
Ind294,French,1e-05,0.2448229999999999,0.5619278571428572,1e-05,0.1932289285714285
Ind295,French,1e-05,0.2226260714285714,0.5866044285714285,1e-05,0.1907497142857142
Ind296,French,1e-05,0.5526723571428571,0.2989421428571429,1e-05,0.1483656428571429
Ind297,French,1e-05,0.3327772857142856,0.4227771428571429,1e-05,0.2444257142857143
Ind298,French,1e-05,0.328421,0.5377739285714286,1e-05,0.1337851428571428
Ind299,French,1.064285714285714e-05,0.2749947142857144,0.4570965,1e-05,0.2678881428571428
Ind300,French,1e-05,0.2408446428571428,0.580429,1e-05,0.1787062142857143
Ind301,French,1e-05,0.2642500714285714,0.4829065714285713,1e-05,0.2528233571428572
Ind302,French,1e-05,0.3931534285714287,0.300043,1e-05,0.3067835714285714
Ind303,French,1e-05,0.5594177142857142,0.2999567142857143,1e-05,0.1406054285714285
Ind304,French,1.0285714285714286e-05,0.2097213571428571,0.5360010714285715,1e-05,0.2542572142857143
Ind305,French,1.0285714285714286e-05,0.1604229285714285,0.6888697857142857,1e-05,0.1506871428571428
Ind306,French,1e-05,0.1642656428571428,0.6679363571428569,1e-05,0.1677779285714286
Ind307,French,1e-05,0.4249727142857143,0.5230962142857143,1e-05,0.0519110714285714
Ind308,French,1e-05,0.3129915714285715,0.5219632142857142,1e-05,0.1650252857142857
Ind309,French,1e-05,0.3888328571428571,0.4567161428571428,1e-05,0.1544308571428571
Ind310,French,1.0071428571428572e-05,0.3632332142857143,0.47357,1e-05,0.1631767857142857
Ind311,British,1e-05,1e-05,0.4406735,1e-05,0.5592965
Ind312,British,1e-05,0.0039554285714285,0.5329410000000001,1e-05,0.4630835
Ind313,British,1e-05,1.0071428571428572e-05,0.4354632142857141,1e-05,0.5645067142857143
Ind314,British,1e-05,1.0285714285714286e-05,0.1675462857142857,1e-05,0.8324234285714285
Ind315,British,1e-05,1e-05,0.4066935,1e-05,0.5932765
Ind316,British,1e-05,1e-05,0.2823215,1e-05,0.7176484999999999
Ind317,British,1e-05,1e-05,0.7039031428571427,1e-05,0.2960668571428572
Ind318,British,1e-05,0.0022182142857142,0.7106752857142856,1e-05,0.2870865714285714
Ind319,British,1e-05,1e-05,0.5352594285714286,1e-05,0.4647105714285713
Ind320,British,1e-05,1e-05,0.18101,1e-05,0.8189599999999998
Ind321,British,1e-05,1.0142857142857144e-05,0.5123995000000001,1e-05,0.4875703571428572
Ind322,British,1e-05,1e-05,0.4086872142857144,1e-05,0.5912827857142856
Ind323,British,1e-05,1e-05,0.3385564285714285,1e-05,0.6614135714285714
Ind324,British,1e-05,1e-05,0.3224232142857142,1e-05,0.6775467857142857
Ind325,British,1e-05,1e-05,0.0489759285714285,1e-05,0.9509940714285712
Ind326,British,1e-05,1e-05,0.569407642857143,1e-05,0.4305623571428571
Ind327,British,1e-05,0.0248192857142857,0.2312087142857142,1e-05,0.7439519999999998
Ind328,British,1e-05,0.0182731428571428,0.588050857142857,1e-05,0.393656
Ind329,British,1e-05,1e-05,0.3599616428571428,1e-05,0.6400083571428571
Ind330,British,1e-05,1e-05,0.3544185714285714,1e-05,0.6455514285714284
Ind331,British,1e-05,1e-05,0.3283115714285715,1e-05,0.6716584285714284
Ind332,British,1e-05,1e-05,0.3389025714285715,1.0214285714285715e-05,0.6610672857142857
Ind333,British,1e-05,0.0371065714285714,0.611894,1e-05,0.3509792857142856
Ind334,British,1e-05,1e-05,0.0485135714285714,1e-05,0.9514564285714284
Ind335,British,1e-05,1e-05,0.2016145,1e-05,0.7983555
Ind336,British,1.0357142857142856e-05,0.0983243571428571,0.6461037857142857,1e-05,0.2555517857142856
Ind337,British,1.0285714285714286e-05,0.1922717142857142,0.4990360714285713,1e-05,0.3086719285714285
Ind338,British,1.05e-05,0.0045334285714285,0.948401214285714,1e-05,0.0470449285714285
Ind339,British,1e-05,0.0020875714285714,0.7027447857142856,1e-05,0.2951476428571428
Ind340,British,1e-05,0.1809732142857143,0.4200847857142857,1e-05,0.3989219285714285
Ind341,British,1e-05,0.1679306428571428,0.6204699285714286,1e-05,0.2115795
Ind342,British,1e-05,0.0490299285714285,0.6379210000000001,1e-05,0.3130289285714286
Ind343,British,1e-05,0.1662118571428571,0.566737,1e-05,0.2670310714285714
Ind344,British,1e-05,0.0035838571428571,0.6303126428571427,1e-05,0.3660836428571428
Ind345,British,1e-05,0.1299497857142856,0.4969040714285713,1e-05,0.3731261428571429
Ind346,British,1e-05,0.0484357142857142,0.7678340714285714,1e-05,0.1837101428571428
Ind347,British,1e-05,0.0670460714285714,0.736314357142857,1e-05,0.1966194285714285
Ind348,British,1.0214285714285715e-05,0.0170635,0.5716146428571429,1e-05,0.4113017142857141
Ind349,British,1.0285714285714286e-05,0.0852534285714285,0.6551515,1e-05,0.2595749285714285
Ind350,British,1e-05,0.0926363571428571,0.653550142857143,1e-05,0.2537934285714285
Ind351,British,1.05e-05,0.1207862142857143,0.606401,1e-05,0.2727923571428571
Ind352,British,1e-05,0.0462515714285714,0.8273382142857142,1e-05,0.1263901428571428
Ind353,British,1e-05,0.0648139285714285,0.7813020714285713,1e-05,0.1538639285714285
Ind354,British,1e-05,0.0343679285714285,0.7302018571428571,1e-05,0.2354102857142856
Ind355,British,1.057142857142857e-05,0.1200287857142856,0.7051234285714286,1e-05,0.1748272142857142
Ind356,British,1e-05,0.1162016428571428,0.5186322857142857,1e-05,0.3651462142857143
Ind357,British,1e-05,0.0411987142857142,0.7990596428571427,1e-05,0.1597215
Ind358,British,1e-05,0.0657434285714285,0.7184515714285714,1e-05,0.2157848571428571
Ind359,British,1e-05,0.0008582142857142,0.763760357142857,1e-05,0.2353613571428572
Ind360,British,1e-05,0.0951625,0.6230071428571428,1e-05,0.2818104285714286
Ind361,British,1e-05,0.1102371428571428,0.6319224285714286,1.0071428571428572e-05,0.2578204285714285
Ind362,British,1e-05,0.0364657142857142,0.9068392142857142,1e-05,0.0566751428571428
Ind363,British,1e-05,0.0486379285714285,0.6034100714285715,1e-05,0.3479322142857142
Ind364,British,1e-05,0.0032372142857142,0.954473,1e-05,0.0422697857142857
Ind365,British,1e-05,0.0009364999999999,0.8441680714285713,1e-05,0.1548754285714285
Ind366,British,1e-05,0.0845185714285714,0.6906104285714285,1e-05,0.2248510714285714
Ind367,British,1e-05,0.0433439285714285,0.8214264285714284,1e-05,0.1352096428571428
Ind368,British,1.0142857142857144e-05,0.0429990714285714,0.7900986428571429,1e-05,0.1668821428571428
Ind369,British,1e-05,1e-05,0.8279969285714284,1e-05,0.1719730714285714
Ind370,British,1e-05,0.0084413571428571,0.941286214285714,1e-05,0.0502524285714285
Ind371,British,1e-05,1e-05,0.4999849999999997,1e-05,0.4999849999999998
Ind372,British,1e-05,0.0341244285714285,0.6638275,1e-05,0.3020282142857143
Ind373,British,1e-05,1e-05,0.499984714285714,1.0285714285714286e-05,0.4999849999999998
Ind374,British,1e-05,1e-05,0.7207721428571428,1.0642857142857145e-05,0.2791972142857143
Ind375,British,1e-05,0.0209557857142857,0.7052018571428571,1e-05,0.2738223571428572
Ind376,British,1e-05,0.0022857142857142,0.5143704285714285,1e-05,0.4833237857142857
Ind377,British,1e-05,0.0181606428571428,0.9343450714285712,1e-05,0.0474741428571428
Ind378,British,1e-05,0.0548895714285714,0.8302031428571427,1e-05,0.1148872142857142
Ind379,British,1e-05,1e-05,0.8011045714285715,1e-05,0.1988654285714285
Ind380,British,1e-05,0.0136819285714285,0.7156464285714286,1e-05,0.2706518571428572
Ind381,British,1e-05,0.0040892142857142,0.9778068571428568,1e-05,0.0180839285714285
Ind382,British,1e-05,1e-05,0.8412224999999997,1e-05,0.1587475
Ind383,British,1e-05,0.0099392142857142,0.8960251428571427,1e-05,0.0940156428571428
Ind384,British,1e-05,0.0271204285714285,0.9139583571428572,1e-05,0.0589013571428571
Ind385,British,1e-05,0.0383503571428571,0.6963975,1e-05,0.2652320714285714
Ind386,British,1e-05,0.0283918571428571,0.6567478571428571,1.0142857142857144e-05,0.31484
Ind387,British,1e-05,0.0529028571428571,0.661625,1e-05,0.2854520714285715
Ind388,British,1e-05,0.0002440714285714,0.8085387142857142,1e-05,0.1911972142857142
Ind389,British,1e-05,0.0410424285714285,0.7063221428571428,1e-05,0.2526153571428571
Ind390,British,1e-05,0.1364671428571428,0.5825086428571428,1e-05,0.2810044285714285
Ind391,British,1e-05,1e-05,0.66945,1e-05,0.33052
Ind392,British,1e-05,0.1120549999999999,0.7221726428571427,1.0285714285714286e-05,0.1657522142857143
Ind393,British,1e-05,0.0041558571428571,0.8214587142857143,1e-05,0.1743655
Ind394,British,1e-05,0.0703306428571428,0.5616724285714285,1e-05,0.3679767857142857
Ind395,British,1e-05,0.0793021428571428,0.6416486428571427,1e-05,0.2790292142857143
Ind396,British,1e-05,0.0560491428571428,0.6101203571428572,1e-05,0.3338104999999999
Ind397,British,1e-05,0.0693432857142856,0.7362890714285715,1e-05,0.1943476428571428
Ind398,British,1e-05,0.1111326428571428,0.5557403571428571,1e-05,0.3331070714285714
Ind399,British,1e-05,0.0727707142857142,0.7254814285714286,1e-05,0.201728
